-0.6440264939859075 0.0
-0.6440264939859075 0.00017453292519942212
-0.6440264939859075 0.00034906585039884424
-0.6440264939859075 0.007504915783575647
-0.6440264939859075 0.015533430342749458
-0.6440264939859075 0.025307274153917765
-0.6440264939859075 0.042411500823462234
-0.6440264939859075 0.05672320068981575
-0.6440264939859075 0.06824237375297826
-0.6440264939859075 0.0799360797413403
-0.6440264939859075 0.1038470904936626
-0.6440264939859075 0.1164134611080218
-0.6440264939859075 0.1392772743091475
-0.6440264939859075 0.14974924982111348
-0.6440264939859075 0.1743583922742335
-0.6440264939859075 0.19268434942017398
-0.6440264939859075 0.214850030920502
-0.6440264939859075 0.23701571242082994
-0.6440264939859075 0.257959663444762
-0.6440264939859075 0.27436575841350863
-0.6440264939859075 0.2981022362406315
-0.6440264939859075 0.32428217502054646
-0.6440264939859075 0.34365532971768353
-0.6440264939859075 0.3673918075448065
-0.6440264939859075 0.38449603421435075
-0.6440264939859075 0.4054399852382828
-0.6440264939859075 0.44069563612856827
-0.6440264939859075 0.458323461573711
-0.6440264939859075 0.4892157893340105
-0.6440264939859075 0.5227261109723017
-0.6440264939859075 0.5410520681182422
-0.6440264939859075 0.5605997557405786
-0.6440264939859075 0.5939355444536704
-0.6440264939859075 0.6246533392887705
-0.6440264939859075 0.6447246256867053
-0.6440264939859075 0.6787585461005947
-0.6440264939859075 0.6948155752189427
-0.6440264939859075 0.7274532322312367
-0.6440264939859075 0.7644542123735164
-0.6440264939859075 0.7880161572754397
-0.6440264939859075 0.8127998326537594
-0.6440264939859075 0.8482300164692443
-0.6440264939859075 0.872315560146766
-0.6440264939859075 0.9096656061394446
-0.6440264939859075 0.9281660962105844
-0.6440264939859075 0.9674360043804568
-0.6440264939859075 0.9958848711879644
-0.6440264939859075 1.027475330649062
-0.6440264939859075 1.0475466170469967
-0.6440264939859075 1.0847221301144758
-0.6440264939859075 1.1075859433156015
-0.6440264939859075 1.1487757136626677
-0.6440264939859075 1.1815879036001613
-0.6440264939859075 1.2044517168012867
-0.6440264939859075 1.2440706908215582
-0.6440264939859075 1.2801990063378408
-0.6440264939859075 1.3013174902869722
-0.6440264939859075 1.3384930033544515
-0.6440264939859075 1.3845696956071016
-0.6440264939859075 1.402372053977444
-0.6440264939859075 1.4428636926237122
-0.6440264939859075 1.4844025288211775
-0.6440264939859075 1.50203035426632
-0.6440264939859075 1.5498523757709648
-0.6440264939859075 1.5742869852988852
-0.6440264939859075 1.6205382104767352
-0.6440264939859075 1.6613789149734026
-0.6440264939859075 1.691573111032904
-0.6440264939859075 1.7215927741672066
-0.6440264939859075 1.7622589457386744
-0.6440264939859075 1.7948966027509685
-0.6440264939859075 1.8470819473855988
-0.6440264939859075 1.8875735860318676
-0.6440264939859075 1.9200367101189622
-0.6440264939859075 1.9619246121668257
-0.6440264939859075 1.9854865570687492
-0.6440264939859075 2.0343557761245905
-0.6440264939859075 2.076069145247255
-0.6440264939859075 2.1095794668855463
-0.6440264939859075 2.150245638457014
-0.6440264939859075 2.184977690571701
-0.6440264939859075 2.230356251123554
-0.6440264939859075 2.2605504471830558
-0.6440264939859075 2.291617307868555
-0.6440264939859075 2.336646802570009
-0.6440264939859075 2.3698080583579
-0.6440264939859075 2.4165828823113484
-0.6440264939859075 2.460739712386805
-0.6440264939859075 2.4869196511667204
-0.6440264939859075 2.5366615348485584
-0.6440264939859075 2.5624924077780746
-0.6440264939859075 2.614328686562306
-0.6440264939859075 2.642428487519415
-0.6440264939859075 2.699675286984829
-0.6440264939859075 2.721142836784359
-0.6440264939859075 2.7776915045489754
-0.6440264939859075 2.807362101832879
-0.6440264939859075 2.8572785184399168
-0.6440264939859075 2.8893925766766126
-0.6440264939859075 2.9222047666141058
-0.6440264939859075 2.967583327165958
-0.6440264939859075 3.017848809623395
-0.6440264939859075 3.047344873982099
-0.6440264939859075 3.098832086915932
-0.6440264939859075 3.119776037939864
-0.6440264939859075 -3.1101767270538954
-0.6440264939859075 -3.0820769260967875
-0.6440264939859075 -3.0215140010525836
-0.6440264939859075 -2.9962067268986656
-0.6440264939859075 -2.945243112740431
-0.6440264939859075 -2.894279498582197
-0.6440264939859075 -2.8707175536802723
-0.6440264939859075 -2.8089328981596733
-0.6440264939859075 -2.7754225765213825
-0.6440264939859075 -2.742959452434288
-0.6440264939859075 -2.6916467724256545
-0.6440264939859075 -2.637716098539031
-0.6440264939859075 -2.6073473695543288
-0.6440264939859075 -2.5731389162152403
-0.6440264939859075 -2.5204299728050112
-0.6440264939859075 -2.4790656695327455
-0.6440264939859075 -2.419026343264141
-0.6440264939859075 -2.392497338633827
-0.6440264939859075 -2.339613862298399
-0.6440264939859075 -2.305056343108911
-0.6440264939859075 -2.2526964655490813
-0.6440264939859075 -2.201209252615249
-0.6440264939859075 -2.147802177504222
-0.6440264939859075 -2.113768257090333
-0.6440264939859075 -2.0778144744992493
-0.6440264939859075 -2.0254545969394195
-0.6440264939859075 -1.972047521828393
-0.6440264939859075 -1.9376645355641045
-0.6440264939859075 -1.8832102629018819
-0.6440264939859075 -1.8589501862991602
-0.6440264939859075 -1.8216001403064814
-0.6440264939859075 -1.7615608140378767
-0.6440264939859075 -1.7090264035528475
-0.6440264939859075 -1.6760396806901547
-0.6440264939859075 -1.6275195274847125
-0.6440264939859075 -1.5889477510156376
-0.6440264939859075 -1.5379841368574034
-0.6440264939859075 -1.5015067554907222
-0.6440264939859075 -1.444609021875707
-0.6440264939859075 -1.4147638916666037
-0.6440264939859075 -1.3515829727444086
-0.6440264939859075 -1.327497429066887
-0.6440264939859075 -1.2634438455186952
-0.6440264939859075 -1.2318533860575978
-0.6440264939859075 -1.1836822987025546
-0.6440264939859075 -1.1252137687607444
-0.6440264939859075 -1.1018263567840205
-0.6440264939859075 -1.0370746415350307
-0.6440264939859075 -0.9971066016643604
-0.6440264939859075 -0.9634217471008699
-0.6440264939859075 -0.9066985464110543
-0.6440264939859075 -0.8529424054496288
-0.6440264939859075 -0.817512221634144
-0.6440264939859075 -0.7855726963226478
-0.6440264939859075 -0.7302457590344277
-0.6440264939859075 -0.6908013179393554
-0.6440264939859075 -0.6553711341238708
-0.6440264939859075 -0.5982988675836562
-0.6440264939859075 -0.5455899241734276
-0.6440264939859075 -0.502305758723968
-0.6440264939859075 -0.44279003123096145
-0.6440264939859075 -0.41922808632903813
-0.6440264939859075 -0.3504621138004614
-0.6440264939859075 -0.3118903373313869
-0.6440264939859075 -0.2621484536495484
-0.6440264939859075 -0.2303834612632516
-0.6440264939859075 -0.18029251173101427
-0.6440264939859075 -0.1387536755335492
-0.6440264939859075 -0.08552113334772217
-0.6440264939859075 -0.0331612557878923
-0.6440264939859075 -0.0015707963267948546
-0.6440264939859075 0.04729842272904633
-0.6440264939859075 0.08953539062730909
-0.6440264939859075 0.13997540600994518
-0.6440264939859075 0.1973967384005587
-0.6440264939859075 0.25516713664157104
-0.6440264939859075 0.27942721324429215
-0.6440264939859075 0.3206169835913583
-0.6440264939859075 0.370882466048795
-0.6440264939859075 0.4246386070102205
-0.6440264939859075 0.46460664688089054
-0.6440264939859075 0.5139994647123302
-0.6440264939859075 0.5714207971029436
-0.6440264939859075 0.6112143040484143
-0.6440264939859075 0.6450736915371041
-0.6440264939859075 0.7023204910025181
-0.6440264939859075 0.7543313027119493
-0.6440264939859075 0.7949974742834172
-0.6440264939859075 0.8567821298040164
-0.6440264939859075 0.8929104453202992
-0.6440264939859075 0.9334020839665672
-0.6440264939859075 0.9681341360812546
-0.6440264939859075 1.0252064026214693
-0.6440264939859075 1.0824532020868831
-0.6440264939859075 1.115439924949576
-0.6440264939859075 1.1744320536669843
-0.6440264939859075 1.210560369183267
-0.6440264939859075 1.2678071686486814
-0.6440264939859075 1.326275698590491
-0.6440264939859075 1.3606586848547795
-0.6440264939859075 1.4030701856782417
-0.6440264939859075 1.4575244583404645
-0.6440264939859075 1.4959217018843398
-0.6440264939859075 1.5526449025741558
-0.6440264939859075 1.590693080267632
-0.6440264939859075 1.658062789394613
-0.6440264939859075 1.6859880574265227
-0.6440264939859075 1.7444565873683322
-0.6440264939859075 1.8037977819361397
-0.6440264939859075 1.830152253641254
-0.6440264939859075 1.887399053106668
-0.6440264939859075 1.9238764344733497
-0.6440264939859075 1.9903734789743335
-0.6440264939859075 2.028072590817411
-0.6440264939859075 2.086366587834022
-0.6440264939859075 2.124763831377897
-0.6440264939859075 2.1621138773705755
-0.6440264939859075 2.2183134792847925
-0.6440264939859075 2.276607476301403
-0.6440264939859075 2.312037660116889
-0.6440264939859075 2.350260370735564
-0.6440264939859075 2.404540110472588
-0.6440264939859075 2.442762821091264
-0.6440264939859075 2.497740692529085
-0.6440264939859075 2.5539402944433025
-0.6440264939859075 2.5932102026131747
-0.6440264939859075 2.6492352716021923
-0.6440264939859075 2.68693438344527
-0.6440264939859075 2.7455774463122795
-0.6440264939859075 2.8019515811516964
-0.6440264939859075 2.831447645510401
-0.6440264939859075 2.8874727144994186
-0.6440264939859075 2.944370448114434
-0.6440264939859075 2.9712485185951465
-0.6440264939859075 3.009296696288623
-0.6440264939859075 3.0688124237816297
-0.6440264939859075 3.124488426920249
-0.6440264939859075 -3.1209977684162595
-0.6440264939859075 -3.0670670945296354
-0.6440264939859075 -3.005456971934235
-0.6440264939859075 -2.977357170977127
-0.6440264939859075 -2.920808503212511
-0.6440264939859075 -2.860594644018706
-0.6440264939859075 -2.8352873698647887
-0.6440264939859075 -2.765648732710215
-0.6440264939859075 -2.7361526683515103
-0.6440264939859075 -2.681349329838888
-0.6440264939859075 -2.6200882730938875
-0.6440264939859075 -2.586752484380796
-0.6440264939859075 -2.5279348885885873
-0.6440264939859075 -2.4886649804187146
-0.6440264939859075 -2.451314934426036
-0.6440264939859075 -2.392148272783428
-0.6440264939859075 -2.3349014733180145
-0.6440264939859075 -2.2979004931757343
-0.6440264939859075 -2.239781029084323
-0.6440264939859075 -2.2043508452688387
-0.6440264939859075 -2.1434388543742364
-0.6440264939859075 -2.10853226933435
-0.6440264939859075 -2.048667475990944
-0.6440264939859075 -2.02213847136063
-0.6440264939859075 -1.9626227438676236
-0.6440264939859075 -1.9219565722961562
-0.6440264939859075 -1.8695966947363254
-0.6440264939859075 -1.809033769692123
-0.6440264939859075 -1.7694147956718516
-0.6440264939859075 -1.7329374143051701
-0.6440264939859075 -1.6727235551113653
-0.6440264939859075 -1.618094749523943
-0.6440264939859075 -1.5753341828500815
-0.6440264939859075 -1.5163420541326738
-0.6440264939859075 -1.4803882715415904
-0.6440264939859075 -1.4198253464973871
-0.6440264939859075 -1.3931218089418738
-0.6440264939859075 -1.3329079497480694
-0.6440264939859075 -1.2744394198062596
-0.6440264939859075 -1.2402309664671707
-0.6440264939859075 -1.178620843871771
-0.6440264939859075 -1.1524409050918558
-0.6440264939859075 -1.093623309299647
-0.6440264939859075 -1.0323622525546456
-0.6440264939859075 -0.997630200439959
-0.6440264939859075 -0.9416051314509405
-0.6440264939859075 -0.8754571528003559
-0.6440264939859075 -0.8403760348352696
-0.6440264939859075 -0.799360797413403
-0.6440264939859075 -0.742463063798388
-0.6440264939859075 -0.7004006288253245
-0.6440264939859075 -0.665144977935039
-0.6440264939859075 -0.6078981784696249
-0.6440264939859075 -0.549778714378214
-0.6440264939859075 -0.5122541354603358
-0.6440264939859075 -0.44610615680975063
-0.6440264939859075 -0.4201007509550352
-0.6440264939859075 -0.3513347784264585
-0.6440264939859075 -0.31171580440618724
-0.6440264939859075 -0.2602285914723546
-0.6440264939859075 -0.21799162357409183
-0.6440264939859075 -0.16126842288427604
-0.6440264939859075 -0.13229595730117027
-0.6440264939859075 -0.07470009198535732
-0.6440264939859075 -0.0237364778271229
-0.6440264939859075 0.01937315469713708
-0.6440264939859075 0.07120943348136861
-0.6440264939859075 0.10297442586766543
-0.6440264939859075 0.16039575825827887
-0.6440264939859075 0.20315632493213998
-0.6440264939859075 0.26284658535034594
-0.6440264939859075 0.2885029253546627
-0.6440264939859075 0.3556981015564444
-0.6440264939859075 0.39880773408070436
-0.6440264939859075 0.4513421445657336
-0.6440264939859075 0.4944517770899936
-0.6440264939859075 0.5400048705670454
-0.6440264939859075 0.5791002458117186
-0.6440264939859075 0.6387905062299247
-0.6440264939859075 0.6728244266438141
-0.6440264939859075 0.7319910882864219
-0.6440264939859075 0.7688175355035022
-0.6440264939859075 0.8264134008193151
-0.6440264939859075 0.8857545953871224